0.71264935
0.65101886
0.5596873
0.3720873
0.22789219
0.20055407
0.18606773
0.15169178
0.18687677
0.15001121
0.13391837
0.16365875
0.13175282
0.10736951
0.10338548
0.123371795
0.14003175
0.10989882
0.11818792
0.10265907
0.10864102
0.09828697
0.115858965
0.09317807
0.103032514
0.08715902
0.114544734
0.099671304
0.092402376
0.09780355
0.10355809
0.09507712
0.075613834
0.11518055
0.12098539
0.08454543
0.08220887
0.07916256
0.10210834
0.10034524
0.09703806
0.08748911
0.08357452
0.08029735
0.06929231
0.0866262
0.08717371
0.08811358
0.0821099
0.09869932
0.07240604
0.08254078
0.06960769
0.08895453
0.06962146
0.08203084
0.08379336
0.100465424
0.09864944
0.092359945
0.062395133
0.08229346
0.087225914
0.09722079
0.077176824
0.07691693
0.06865786
0.087303676
0.094325535
0.07038799
0.08681399
0.055484142
0.06979592
0.07415975
0.06520559
0.09010297
0.08234005
0.086475626
0.073803134
0.07471427
0.06493271
0.0680567
0.079996616
0.06907903
0.066452146
0.07490878
0.06360155
0.05469881
0.07205385
0.05309133
0.07379098
0.07885462
0.075076506
0.06361373
0.06544323
0.08736646
0.07556267
0.064894244
0.052872732
0.097811006
0.05837118
0.049969967
0.08256872
0.06437481
0.06656758
0.059381425
0.0721915
0.07225288
0.069668725
0.060978368
0.08181479
0.059849843
0.055068396
0.102173984
0.053919747
0.07469337
0.05075074
0.062112615
0.065197304
0.0774624
0.07742135
0.05478949
0.06374302
0.07676282
0.06505567
0.0648262
0.06742971
0.07239128
0.060513906
0.06702486
0.076967694
0.06973256
0.057294823
0.076237425
0.06469378
0.071624935
0.05583165
0.05876325
0.061081775
0.053285934
0.08140159
0.066649675
0.06183675
0.072167486
0.060305037
0.07136999
0.06950997
0.06709905
0.06485552
0.07633126
0.06275831
0.06902515
0.06323896
0.056867745
0.058341045
0.049419083
0.0713989
0.08523762
0.08166291
0.070116356
0.075340465
0.05738013
0.057424128
0.079189785
0.055392325
0.06521629
0.050837893
0.06310791
0.053153127
0.06536305
0.07221906
0.07969192
0.06801288
0.072156064
0.05176327
0.061637755
0.06741472
0.05853013
0.06235812
0.046064533
0.07512253
0.079730615
0.07825753
0.053750884
0.056588866
0.066843905
0.06863941
0.09379755
0.061912015
0.0667095
0.059723265
0.07567523
0.05745043
0.073762976
0.04905851
0.07733314
0.06221634
0.0556001
0.060908668
0.08146377
0.058576964
0.06554937
0.05756613
0.044973545
0.08591221
0.07203731
0.058442883
0.06363273
0.055189636
0.056002595
0.0595131
0.07583252
0.06727686
0.057416305
0.052702464
0.062413424
0.06800544
0.057990585
0.054313444
0.06867699
0.06836833
0.07477675
0.07128519
0.06362423
0.07368485
0.060434088
0.06474252
0.07628347
0.07476969
0.06533192
0.06750457
0.05828815
0.05705805
0.07141776
0.050032217
0.062541224
0.063900344
0.055244002
0.06851855
0.08435777
0.06587842
0.04899755
0.07618821
0.070533626
0.064973116
0.040230513
0.06570403
0.060771406
0.08512564
0.05267608
0.069637775
0.06341707
0.06632162
0.061586756
0.060836345
0.05286506
0.05873007
0.05877523
0.0675877
0.0529213
0.056439728
0.058845464
0.04363749
0.046931177
0.075785875
0.053903367
0.04948703
0.053292762
0.070670955
0.054542996
0.07437277
0.06178704
0.059864245
0.053720515
0.07293705
0.06443641
0.0773582
0.072357215
0.05297104
0.06294852
0.07886295
0.07202243
0.06932287
0.059111983
0.058026
0.060968228
0.075972565
0.06328364
0.060222723
0.064498276
0.051741734
0.07781789
0.05298876
0.0623653
0.06512752
0.062422287
0.057384565
0.059508935
0.04766107
0.063399136
0.047475446
0.06299179
0.05345105
0.06531331
0.06241479
0.06259917
0.06421432
0.06850891
0.048246652
0.07213312
0.06659505
0.057102516
0.05588171
0.06329413
0.0847526
0.07013054
0.04588473
0.059441555
0.049511705
0.064972065
0.043662578
0.055270307
0.050482653
0.05667961
0.05155525
0.054367337
0.069625005
0.061397944
0.0567164
0.053184777
0.053667925
0.06718081
0.058746386
0.07115679
0.066765696
0.0636687
0.056706317
0.06433523
0.059983246
0.05449756
0.052987568
0.085366026
0.049165346
0.05420698
0.042360097
0.06090041
0.06440014
0.05156351
0.051406868
0.058905926
0.06239322
0.06469007
0.06045884
0.055101622
0.0625643
0.05871448
0.051359214
0.06611974
0.053841174
0.06476965
0.05342083
0.05313953
0.054917775
0.044248175
0.046286926
0.057836097
0.057996098
0.06520036
0.0531925
0.06282989
0.056992874
0.05940994
0.06441116
0.06757202
0.054509662
0.05380339
0.0558943
0.06589152
0.058204055
0.052692357
0.07198286
0.06553966
0.07543011
0.05240042
0.052050047
0.056848153
0.05669442
0.053388424
0.070884265
0.07061833
0.064712636
0.060651146
0.07686688
0.049867958
0.07422455
0.06939487
0.07443242
0.05304119
0.050612237
0.04458115
0.05983596
0.06432026
0.05241693
0.056611203
0.052838244
0.06712987
0.05844313
0.058593612
0.07435192
0.0654926
0.045397993
0.0539128
0.060368344
0.06322209
0.066722244
0.067935005
0.061604135
0.042617187
0.071122915
0.051475212
0.060506944
0.054320723
0.07358271
0.048135493
0.06675458
0.057564266
0.054588888
0.06986027
0.05647909
0.06086847
0.057768345
0.06333481
0.05914215
0.07598545
0.057390306
0.06852618
0.048712462
0.051238403
0.06413011
0.05366738
0.050668806
0.06155585
0.047263727
0.084349364
0.058881216
0.037380636
0.056911692
0.041304313
0.050799288
0.06536191
0.045361064
0.06122467
0.06549537
0.040664595
0.055203788
0.078182384
0.052818693
0.047877368
0.066135086
0.042569827
0.056202255
0.05861078
0.05894217
0.050423775
0.057708226
0.039435893
0.070115626
0.07107815
0.067222804
0.066742815
0.068368554
0.062349297
0.05515209
0.056699067
0.05636314
0.051618733
0.061452717
0.06394935
0.05600148
0.06449665
0.050295245
0.054311648
0.043399606
0.067515686
0.03776439
0.057151698
0.0526583
0.05888299
0.06008676
0.061160497
0.062094737
0.074324384
0.05031457
0.05409166
0.062878765
0.06534815
0.052007973
0.05087404
0.052784577
0.060496874
0.06576607
0.05730512
0.038818
0.052781194
0.050688516
0.045557454
0.053651944
0.047184035
0.07787646
0.050914325
0.052868247
0.066307135
0.055191703
0.05413302
0.04913437
0.046272483
0.076031074
0.069709525
0.058790762
0.06121651
0.062031493
0.05841439
0.052840214
0.06234
0.05890581
0.050588615
0.056147657
0.040897965
0.058156893
0.050219104
0.05610214
0.052491914
0.05740363
0.038512684
0.060224954
0.07193944
0.064041026
0.05212302
0.049804434
0.061609127
0.06996974
0.055369876
0.065483615
0.052550048
0.074759245
0.054712206
0.057737753
0.055149205
0.053712092
0.04494172
0.050495937
0.056900576
0.052819647
0.07704632
0.051301036
0.05024809
0.056801535
0.059872396
0.06288473
0.05669644
0.04322643
0.08340165
0.06120459
0.054585148
0.061537117
0.047540758
0.072894335
0.053215787
0.063495025
0.048926253
0.057599965
0.05033023
0.058443226
0.058073577
0.06124436
0.06712432
0.05513352
0.058719374
0.053325683
0.047060642
0.039996825
0.06325133
0.059564665
0.04113664
0.06972353
0.05956666
0.0688843
0.076157674
0.053636137
0.06291817
0.0544744
0.056794714
0.044747107
0.06650481
0.059375107
0.049281724
0.050495632
0.053422667
0.0561103
0.059268765
0.084969684
0.06125004
0.050419495
0.043249242
0.07583526
0.063352615
0.060147606
0.07083675
0.047222234
0.05718942
0.055646118
0.05225204
0.047016677
0.051228542
0.0718619
0.05543133
0.059059087
0.064446926
0.059380572
0.05028836
0.07915504
0.057412013
0.05519878
0.06266844
0.062464673
0.0670407
0.054866362
0.051195968
0.056150906
0.04934793
0.06351663
0.052961174
0.060634095
0.050465576
0.04475797
0.06151533
0.058065023
0.047162034
0.059820164
0.050295085
0.067418545
0.071867615
0.06085602
0.056419797
0.077064425
0.076248005
0.04282725
0.04906731
0.061259322
0.06734839
0.05594322
0.045185663
0.051846016
0.05141553
0.05516689
0.062194318
0.057001505
0.051954582
0.052654423
0.0555429
0.055976503
0.06487007
0.049897492
0.05542884
0.058553163
0.054127187
0.06742289
0.053172447
0.068649575
0.05040075
0.046601973
0.04834763
0.051404897
0.037209615
0.05101142
0.07930979
0.057063796
0.058161248
0.050518118
0.047852688
0.05000854
0.044847723
0.048042387
0.07355803
0.060303673
0.047255903
0.040557235
0.045194145
0.048377827
0.07082593
0.050614495
0.06776844
0.060718603
0.052627716
0.06274554
0.06491438
0.06624308
0.043674026
0.05917691
0.05029187
0.051262353
0.056997046
0.06145384
0.054299783
0.0630272
0.05086887
0.044685755
0.06387028
0.054329716
0.06141839
0.056067124
0.05737707
0.058526568
0.079798676
0.06555576
0.06562975
0.046976425
0.06395064
0.05393532
0.05235418
0.060324647
0.052759744
0.051844552
0.05442357
0.061477646
0.07058717
0.052998018
0.060347088
0.05340739
0.054752294
0.044036783
0.06010723
0.05068361
0.056738358
0.07382833
0.071254164
0.054626793
0.058508433
0.061896056
0.06803163
0.052112743
0.06033706
0.052566923
0.044565916
0.053244423
0.05631481
0.05151555
0.06921212
0.04345033
0.046464726
0.05262028
0.061285965
0.047213368
0.05762264
0.057708815
0.0390547
0.05343648
0.064964235
0.06654155
0.049345333
0.053548537
0.058635257
0.052426893
0.04651929
0.05401096
0.0661889
0.06140507
0.046202213
0.057681844
0.04132653
0.06891526
0.057776615
0.0716735
0.060079392
0.05203138
0.041336164
0.039004304
0.06105885
0.0642535
0.0579054
0.05737723
0.049918987
0.05127414
0.06362279
0.050646733
0.07104436
0.04412678
0.0620955
0.04820653
0.057213165
0.05562723
0.055173453
0.05542066
0.05190748
0.03570062
0.058106065
0.056416348
0.049339004
0.060332745
0.061348923
0.065053225
0.046201244
0.06760199
0.044249184
0.062479537
0.06360413
0.054467954
0.045635797
0.053714506
0.062375266
0.04512521
0.06032888
0.06064925
0.06668119
0.045873273
0.04070334
0.06642866
0.066581726
0.062321145
0.05915255
0.07302218
0.049523
0.053385884
0.055639945
0.051722683
0.046391428
0.058215637
0.043091264
0.063372076
0.03968224
0.059178844
0.052090645
0.087056555
0.06788051
0.05227793
0.04345647
0.05219069
0.050865106
0.051926807
0.050239615
0.05414279
0.051292904
0.05511821
0.053408206
0.04886356
0.03975253
0.047446005
0.056437813
0.0519004
0.054488063
0.0624623
0.048386037
0.06593619
0.069593415
0.055862486
0.05561941
0.04751818
0.058622822
0.057609614
0.043289367
0.043269776
0.03965737
0.058267247
0.04637687
0.049472243
0.057378747
0.0491265
0.041372646
0.04746551
0.052078012
0.06362843
0.045885704
0.040690806
0.047649264
0.0622012
0.047439594
0.06524208
0.06225691
0.05502272
0.06310629
0.052742228
0.057118863
0.054340385
0.06258738
0.062717766
0.054736305
0.063884616
0.067406096
0.041202746
0.05713831
0.074387796
0.046425216
0.045850977
0.053611994
0.06950571
0.05014335
0.053313293
0.0517631
0.04259173
0.049912877
0.04499381
0.061083335
0.06143673
0.05069886
0.0595216
0.055909924
0.05329957
0.059201866
0.053235367
0.05586329
0.054260954
0.06287942
0.056384556
0.042893
0.052031204
0.07141994
0.060157463
0.05393713
0.053919457
0.0533248
0.048928052
0.040645875
0.06281172
0.07455298
0.05337116
0.05528202
0.06071517
0.049279645
0.057226546
0.06628379
0.04879064
0.0486424
0.048964005
0.053531818
0.044071734
0.06711205
0.044747487
0.069193184
0.05611062
0.05093747
0.045963768
0.042502634
0.044694297
0.058642257
0.056966662
0.06354529
0.04880707
0.077949435
0.050004344
0.06686235
0.05025272
0.061089065
0.0639003
0.054130428
0.05043359
0.037406735
0.06187964
0.054770418
0.05100566
0.062665254
0.05074033
0.04694078
0.053596806
0.05405897
0.053194806
0.048983462
0.06339951
0.068152405
0.05754886
0.05986201
0.05610185
0.05278714
0.050854027
0.06559574
0.054735977
0.048098892
0.06946241
0.04675506
0.045994274
0.052980043
0.058320664
0.046472505
0.04542932
0.04355684
0.050151058
0.054164223
0.05232259
0.057546273
0.05274851
0.042764865
0.053760823
0.05686349
0.057708964
0.058428176
0.061039902
0.038845968
0.04382839
0.052255902
0.047759198
0.059904426
0.041108876
0.04617317
0.04748824
0.037872266
0.047476675
0.041235603
0.05294954
0.056633376
0.057091232
0.044890866
0.062410936
0.06170613
0.05587405
0.06328048
0.047996525
0.054009527
0.05626246
0.05628945
0.062292404
0.04788426
0.05873404
0.046670906
0.060781237
0.048763316
0.053085674
0.06723897
0.04351162
0.06572462
0.052270494
0.060796153
0.052803695
0.06359287
0.057301763
0.046406053
0.048224203
0.05334197
0.047194444
0.061128963
0.057555173
0.04352283
0.06464361
0.059941012
0.053488933
0.055182576
0.04348874
0.047564976
0.063435584
0.048515044
0.048410095
0.06251138
0.040936656
0.04576296
0.055797182
0.045824327
0.052229047
0.05339535
0.045074936
0.046338
0.04542645
0.039703026
0.04324559
0.047165614
0.055135403
0.04931491
0.05665452
0.045140747
0.049284235
0.04858937
0.0562149
0.058321495
0.05713193
0.040655117
0.05900025
0.04651222
0.051738676
0.0695509
0.050414477
0.066637605
0.048955508
0.060889266
0.054548405
0.060791284
0.054412007
0.061138324
0.04345239
0.05111341
0.06409486
0.054091845
0.061774228
0.05843369
0.05514703
0.06083721
0.04902801
0.06872381
0.051905856
0.046949826
0.053712122
0.0503823
0.06082944
0.04828241
0.053686455
0.053336985
0.046476886
0.062051274
0.057022072
0.047794726
0.054234974
0.057478774
0.054651164
0.04105131
0.056087263
0.06288324
0.05768973
0.06516133
0.048916236
0.07923417
0.06380018
0.05784359
0.05759839
0.054205798
0.044364892
0.0614789
0.04329037
0.061118077
0.058924437
0.054176666
0.05326706
0.054453343
0.04114808
0.049886454
0.059548553
0.054179776
0.06178736
0.053438403
0.050024528
0.062464587
0.05885432
0.05612599
0.05768986
0.055396035
0.05681144
0.057044346
0.045672543
0.059860677
0.051656365
0.056104206
0.054662053
0.071947105
0.04327798
0.048773658
0.0412077
0.03919728
0.051694173
0.046525806
0.04495675
0.05746775
0.039703224
0.04686777
0.06374047
0.05879992
0.04381746
0.04619696
0.05413254
0.065077424
0.04967952
0.048746124
0.064345956
0.04372418
0.06298214
0.05738218
0.04326175
0.05749428
0.05609253
0.04370068
0.054429445
0.045449093
0.051275864
0.046373144
0.053792976
0.06074383
0.05099552
0.067886434
0.0467161
0.043658383
0.0694402
0.06100617
0.05225887
0.059886664
0.05247765
0.056994036
0.059756696
0.056040537
0.055560462
0.042225815
0.062345512
0.04913618
0.06382723
0.054582357
0.05418442
0.049942374
0.04283514
0.05146747
0.049365513
0.045396987
0.054488286
0.06947911
0.04565746
0.062231936
0.052004524
0.051938213
0.056807518
0.05731852
0.055201046
0.057689674
0.052213162
0.048419826
0.07917099
0.065948926
0.051852815
0.041644182
0.045280054
0.0426781
0.036228713
0.055817835
0.05089876
0.063970715
0.039915305
0.04236447
0.042790018
0.063668735
0.04515785
0.06184294
0.049875904
0.045367338
0.046006903
0.054510877
0.050218564
0.04341919
0.05355417
0.05856356
0.06299837
0.04273188
0.075331286
0.053961225
0.054347
0.057366453
0.054745726
0.053191923
0.0458562
0.048058435
0.05304077
0.04256164
0.040819302
0.06316466
0.049199916
0.05186149
0.054833584
0.061151646
0.050543606
0.057570573
0.06494641
0.04337223
0.064697005
0.071415015
0.05328338
0.044202022
0.055395316
0.05326603
0.047827058
0.041625686
0.05527937
0.062412657
0.05184864
0.042195056
0.053343862
0.047966283
0.0555334
0.061834842
0.039073266
0.057993144
0.05124548
0.057285435
0.04261582
0.06492764
0.054342214
0.04451859
0.04427563
0.059252366
0.052648816
0.053611264
0.05736313
0.05337809
0.039144505
0.0374989
0.052878924
0.04353573
0.06026487
0.051089812
0.039649863
0.044704776
0.043356746
0.049384005
0.06309558
0.06195551
0.052810818
0.051713903
0.04844851
0.055993278
0.055704474
0.055044413
0.06725206
0.059770565
0.039137665
0.07595679
0.054520775
0.054383125
0.05340106
0.060197353
0.053311154
0.04185904
0.060674123
0.0531374
0.045938104
0.048731796
0.050052993
0.048955113
0.047411002
0.041967645
0.06092241
0.05423312
0.045595873
0.05780506
0.05869943
0.051027752
0.040262718
0.06074125
0.058938086
0.057266645
0.061018225
0.05200871
0.036401875
0.048026428
0.055321038
0.06279269
0.04935742
0.065841526
0.043689378
0.056722768
0.050759662
0.06131568
0.04968987
0.060651273
0.061108336
0.05014517
0.051181257
0.05182209
0.043077886
0.051300317
0.04812619
0.05150981
0.057878923
0.0633718
0.064109296
0.05091976
0.04077981
0.046368677
0.064638324
0.05578421
0.04709198
0.05087269
0.041903622
0.04484313
0.064893395
0.05359381
0.05158311
0.059175063
0.05154424
0.05628811
0.057714757
0.055217177
0.054393467
0.045836307
0.057385013
0.05303943
0.062857985
0.0484233
0.044286452
0.049626715
0.059396885
0.049132094
0.074798
0.066039905
0.059061393
0.04860667
0.057605468
0.049784914
0.045378495
0.051798534
0.04339198
0.06265856
0.041811407
0.049862314
0.047730684
0.06313514
0.062355205
0.058566637
0.05605005
0.06189964
0.052515946
0.046982147
0.049474012
0.04260897
0.04681814
0.048718072
0.05140695
0.04650634
0.05989283
0.046167977
0.06662126
0.046869434
0.060942233
0.053713076
0.055506628
0.034459792
0.067834
0.04749602
0.0492995
0.045661695
0.056119405
0.056673985
0.059429944
0.066366635
0.056080926
0.06126425
0.054098222
0.057734553
0.05095195
0.057508703
0.058713377
0.0595448
0.05061426
0.060239956
0.04573473
0.047143877
0.044152886
0.04234974
0.046645395
0.04913967
0.03853766
0.045163676
0.037874788
0.08738704
0.06845391
0.063064516
0.0468458
0.05433812
0.05207965
0.06119433
0.05088041
0.056924667
0.04104626
0.06120387
0.06507409
0.042817805
0.05843977
0.046792157
0.06405855
0.056353875
0.043686412
0.069812514
0.04493032
0.047626287
0.04394629
0.050724782
0.052975837
0.06637958
0.05052575
0.07320085
0.054843985
0.05267249
0.0430243
0.049566522
0.04157498
0.05201543
0.044832215
0.039356917
0.06752144
0.052097745
0.053908385
0.05207596
0.06461127
0.04515724
0.05158952
0.054155312
0.04076106
0.076008976
0.04543807
0.040839322
0.039665412
0.04959496
0.053616345
0.050517745
0.053092547
0.058676437
0.06221271
0.047873713
0.059994444
0.04869649
0.05631765
0.06593503
0.05842325
0.06711748
0.064008616
0.056519452
0.044040754
0.05434512
0.051289346
0.052321382
0.045657404
0.044133745
0.050482914
0.04722181
0.05767215
0.04990733
0.0633598
0.04776894
0.05770097
0.0505295
0.061231673
0.051531382
0.06690052
0.06574635
0.055124924
0.059270512
0.043929152
0.04727366
0.03854441
0.060917262
0.05923139
0.053363204
0.04094246
0.05404892
0.051503256
0.0490302
0.05578929
0.03863338
0.05156267
0.0352874
0.047234535
0.06280084
0.0471177
0.05250194
0.047780156
0.057982214
0.059484582
0.058122266
0.044284105
0.049827773
0.051232077
0.058041453
0.04965028
0.050518118
0.05050971
0.056979217
0.05548088
0.0442809
0.036358714
0.065545425
0.06784183
0.05452587
0.052677393
0.038098767
0.051863506
0.05632935
0.04563844
0.060657196
0.049931087
0.052011482
0.04617559
0.050584666
0.041351635
0.046504356
0.05366077
0.06504802
0.05881907
0.06432382
0.059430495
0.06569963
0.04482328
0.03712769
0.052569255
0.04368069
0.044290327
0.04205741
0.042925525
0.04707323
0.055849183
0.04678893
0.048510544
0.040241234
0.049759477
0.05590892
0.06156844
0.051714417
0.055484697
0.06345846
0.07150899
0.05572624
0.044534013
0.047570623
0.06045185
0.048890874
0.054042522
0.043088764
0.059675016
0.037680708
0.05064638
0.060669128
0.046316642
0.05455728
0.061606955
0.047211297
0.05942375
0.058875218
0.04824649
0.05443172
0.032696523
0.05408748
0.041047752
0.042806394
0.042348884
0.063175395
0.06306893
0.045197435
0.05470365
0.05358973
0.05991826
0.045926876
0.039435484
0.048588872
0.049961194
0.05718957
0.045498036
0.037887312
0.059098624
0.049033545
0.0428764
0.05267859
0.06471932
0.05548116
0.064505994
0.04597687
0.051754735
0.047852788
0.04711271
0.047566887
0.05836728
0.048810262
0.06487861
0.04798851
0.053351626
0.04277365
0.065396234
0.042463027
0.04224061
0.04704241
0.041372947
0.045534045
0.05244816
0.04565878
0.05138348
0.038354523
0.059776124
0.049564354
0.043591347
0.053810857
0.0505573
0.057555027
0.051619526
0.06050031
0.049306914
0.05549549
0.062102493
0.05307168
0.041941546
0.047086187
0.066352755
0.047717478
0.05627073
0.038684998
0.06677325
0.050336443
0.06232052
0.057295226
0.04924783
0.049955502
0.062449038
0.037692674
0.047067
0.04491583
0.04328222
0.04541161
0.047973193
0.04805192
0.05319578
0.06304178
0.052471258
0.04457031
0.05143947
0.052802328
0.06177183
0.06318115
0.04427269
0.043756053
0.043567125
0.043004073
0.05087716
0.049222812
0.054771386
0.066236526
0.056810908
0.055133432
0.049726814
0.042774856
0.05441258
0.048603334
0.049689382
0.056940895
0.036282912
0.040857956
0.041381195
0.05015562
0.05144256
0.06868222
0.038302973
0.049554117
0.052554093
0.047842078
0.055057354
0.059889387
0.056297548
0.05874037
0.059361655
0.05478572
0.042961933
0.042143755
0.058342133
0.071334675
0.0426606
0.051747613
0.04564155
0.05311928
0.06262526
0.058337435
0.045534313
0.05828721
0.053289153
0.052410133
0.05170474
0.045320928
0.04418372
0.051320657
0.0637917
0.051602382
0.044851035
0.057607062
0.05097854
0.054327704
0.060660087
0.054251336
0.052289248
0.06392538
0.042664997
0.05622726
0.04847247
0.056608364
0.051463258
0.039603017
0.051627133
0.051318005
0.058469027
0.04828351
0.050218496
0.051514022
0.04108866
0.04554852
0.056229025
0.041290335
0.054130256
0.05143577
0.040531162
0.06822686
0.058224194
0.055597857
0.0428199
0.06003282
0.042125314
0.051118597
0.06247213
0.053379934
0.049819402
0.05435158
0.045793004
0.046380356
0.03595131
0.04145363
0.041547615
0.050728448
0.043309942
0.03608331
0.053724155
0.043933123
0.044814993
0.054203413
0.054914434
0.04529699
0.062038373
0.056094564
0.052941646
0.05332442
0.052736912
0.047528043
0.04477627
0.0457139
0.059294954
0.04971882
0.05449509
0.048260786
0.04738145
0.05280518
0.044972442
0.061644625
0.049021207
0.07268743
0.053459138
0.055993922
0.06274249
0.05513651
0.048048016
0.056092042
0.055811208
0.075553
0.06536256
0.04890526
0.046338752
0.05064157
0.035668567
0.056591626
0.047952943
0.049099326
0.06334138
0.052549373
0.049673468
0.046782777
0.04961783
0.049046516
0.036997356
0.033957742
0.0468361
0.052504618
0.04747329
0.06288074
0.057265144
0.04770935
0.06141998
0.051748924
0.054142363
0.047093935
0.04837905
0.061204184
0.051300842
0.054455258
0.04456751
0.05712262
0.04034134
0.049890053
0.04550174
0.04753595
0.050881796
0.049086377
0.053729206
0.046090484
0.047375765
0.051729508
0.05527365
0.05402851
0.040628433
0.046828277
0.056170907
0.045330167
0.05412455
0.045528486
0.044895936
0.04525773
0.046406157
0.044512846
0.059124857
0.06211329
0.041277416
0.05528306
0.042386174
0.045564238
0.06020424
0.07402892
0.053071536
0.050022874
0.06957225
0.051951166
0.056137666
0.039556738
0.050061308
0.06299396
0.052709583
0.040664308
0.0555627
0.052738626
0.067856975
0.053116493
0.047965758
0.048674695
0.042008214
0.04944784
0.05772952
0.05697025
0.060309112
0.047863513
0.061060764
0.054587666
0.07452755
0.057148814
0.044566333
0.03555412
0.05790922
0.05080861
0.0650643
0.043608833
0.043042406
0.049305655
0.048602454
0.045096166
0.055298977
0.049722366
0.04300869
0.037696324
0.051872782
0.05020851
0.04305605
0.055781506
0.047342084
0.051476594
0.043930143
0.04569286
0.060427554
0.048122257
0.059357177
0.047933295
0.050300628
0.04209934
0.048291232
0.05453662
0.049948547
0.052452702
0.043907225
0.046970744
0.046066597
0.0459996
0.04653371
0.05484177
0.047222193
0.04582438
0.054751817
0.046707377
0.043965966
0.05015787
0.05735346
0.07146897
0.042992126
0.05531273
0.05651927
0.05677559
0.04065897
0.043261576
0.050703492
0.075703174
0.032204986
0.04064405
0.06262407
0.05120691
0.038679186
0.04820854
0.05229342
0.057981133
0.062602215
0.066512816
0.051432267
0.058289614
0.048483044
0.05353348
0.05136217
0.047544472
0.041523427
0.052350555
0.056255046
0.059464946
0.040349953
0.046803303
0.050720513
0.04649084
0.04028386
0.047696277
0.046430413
0.04829465
0.040174633
0.053605713
0.053848904
0.04928355
0.04168439
0.036870398
0.046177246
0.053224467
0.049715415
0.046769872
0.048634686
0.04689954
0.043005165
0.04943483
0.046103254
0.054297253
0.04527062
0.046034295
0.050974816
0.04114168
0.038664326
0.047047198
0.059683807
0.05369842
0.040705256
0.05574836
0.053616866
0.05695903
0.0546501
0.046899848
0.06137763
0.05055608
0.054897845
0.04147256
0.051292583
0.049595412
0.046941318
0.050719656
0.047130086
0.046031497
0.050034836
0.05513514
0.04405495
0.048369043
0.048911486
0.050824404
0.06072984
0.06217299
0.06929376
0.043404453
0.04893918
0.049226023
0.049795896
0.048459552
0.049307354
0.042692766
0.05636865
0.042588845
0.052361943
0.05594506
0.056480303
0.053176776
0.04871828
0.054076377
0.0488864
0.053591043
0.051415883
0.051181786
0.054325715
0.059227984
0.05087301
0.04490038
0.06430412
0.060239315
0.050528847
0.0523109
0.056686256
0.055694267
0.047734536
0.054900896
0.064824454
0.06414643
0.040047593
0.052161574
0.049206413
0.05493663
0.055092752
0.051895432
0.03662423
0.06440987
0.0502565
0.04414592
0.048884116
0.041277546
0.046944514
0.051822
0.059591375
0.050465565
0.051161543
0.05345229
0.05926539
0.046817493
0.042021595
0.042411212
0.046228137
0.045232877
0.050575465
0.053798027
0.050887473
0.06424661
0.046466365
0.046427514
0.045509133
0.048002873
0.062006377
0.046872213
0.042137843
0.053877667
0.065662056
0.05353224
0.045921955
0.044751868
0.054536603
0.041845337
0.04104012
0.051940363
0.054211833
0.038916558
0.045592804
0.061155707
0.0481771
0.048487693
0.05598792
0.041330256
0.046073012
0.043574832
0.055087924
0.04339554
0.044827856
0.051562812
0.03979924
0.05766323
0.05578226
0.03894094
0.0500528
0.049154975
0.045050867
0.050559968
0.05786997
0.050314475
0.044547766
0.047269374
0.046286233
0.053352676
0.045474544
0.041069537
0.054682165
0.05606444
0.04204289
0.056290925
0.058115244
0.04973542
0.048924036
0.05122756
0.04998219
0.050883852
0.04770677
0.06400359
0.054395236
0.066116
0.06574331
0.057784643
0.035996906
0.059772573
0.047362436
0.09260089
0.051859744
0.05957907
0.043429792
0.054116197
0.054359168
0.056565028
0.05338051
0.04012217
0.055698935
0.050603487
0.06016781
0.052631978
0.053784408
0.046999276
0.06542498
0.053123437
0.050619256
0.042077374
0.0562921
0.05262499
0.049413487
0.06173084
0.04968006
0.04622587
0.060276438
0.05238298
0.042795356
0.055423528
0.049851578
0.05387734
0.045007348
0.05504046
0.046052955
0.06890567
0.052659653
0.045594007
0.0511877
0.054750375
0.05393101
0.03971458
0.053732354
0.046943292
0.04686013
0.059254214
0.05133954
0.052685946
0.047161326
0.040363584
0.047391467
0.06538146
0.055664726
0.048834927
0.054592278
0.039669894
0.042176493
0.045106083
0.05136905
0.055916376
0.056957178
0.051105633
0.047169507
0.046658166
0.046470813
0.048721872
0.06969645
0.052479383
0.048837073
0.041915793
0.05431531
0.037502572
0.057291627
0.048529252
0.05095301
0.051841166
0.04887927
0.05154219
0.044877253
0.05564369
0.05649992
0.04729321
0.048058446
0.04210617
0.051759653
0.052690685
0.0615003
0.057851486
0.041031003
0.052166954
0.04064164
0.045822814
0.059232656
0.04856368
0.06169384
0.049895413
0.061348025
0.063006446
0.04758142
0.038363688
0.038199835
0.06209574
0.044063006
0.03982235
0.04496081
0.04945848
0.047867447
0.04963532
0.041126825
0.062392473
0.051454723
0.046155967
0.046731874
0.045882188
0.05239509
0.053963117
0.06240151
0.05374082
0.05089065
0.062677845
0.05247229
0.04703125
0.034188703
0.05818121
0.04471464
0.053577427
0.0396116
0.068867326
0.045603488
0.04845778
0.040579796
0.055514514
0.04819143
0.05619786
0.04856567
0.06259506
0.041459702
0.04716902
0.05324012
0.04313484
0.044207282
0.06202782
0.056698583
0.051573247
0.041086677
0.052680433
0.037019916
0.054788653
0.04282574
0.04961813
0.047699105
0.062004484
0.054165263
0.057402227
0.051410887
0.064692505
0.064297825
0.053460844
0.049016707
0.05400621
0.049676284
0.04885854
0.039961036
0.04446148
0.051669396
0.046748072
0.05516974
0.068490274
0.04590192
0.051229812
0.039858937
0.049826365
0.03730067
0.059441894
0.049550746
0.050151464
0.0564543
0.06358096
0.047202006
0.058522984
0.04603981
0.045915507
0.045451112
0.051932346
0.050292715
0.045959342
0.04484362
0.053550437
0.039474227
0.042707987
0.056480587
0.039688617
0.059976365
0.0451724
0.049723856
0.050262287
0.047482584
0.041498855
0.045415588
0.045752093
0.047256753
0.04592121
0.038783904
0.05251646
0.03736383
0.053369954
0.051232394
0.040597253
0.051905576
0.05217511
0.047496922
0.053507555
0.05268234
0.0532931
0.052702643
0.041603044
0.04506798
0.052748155
0.05003224
0.05366971
0.053608254
0.050885294
0.044826023
0.052872248
0.051842917
0.043257415
0.051919363
0.040316846
0.066283725
0.043265387
0.061495837
0.043801144
0.041126702
0.046527695
0.04870584
0.042934727
0.057259385
0.06564563
0.052468248
0.03961425
0.055469178
0.04225742
0.060480893
0.049412616
0.041626774
0.04474907
0.052776497
0.0478308
0.054863244
0.061258152
0.04724032
0.054597475
0.044453375
0.049478546
0.042347908
0.060539138
0.03766465
0.03349932
0.05921763
0.04155852
0.043574877
0.06161371
0.055180922
0.053075425
0.04492445
0.066092335
0.05231858
0.060573004
0.06015895
0.051498607
0.054891706
0.05091525
0.04832688
0.050286394
0.05433949
0.047133233
0.048831835
0.043042272
0.043542746
0.037212424
0.05059067
0.05102364
0.04696513
0.048041254
0.048560243
0.044896197
0.055450346
0.047212347
0.047884904
0.059491754
0.05316329
0.049301103
0.055190932
0.050978735
0.050438356
0.050922997
0.053139213
0.061336193
0.04848535
0.04756915
0.051003955
0.043305106
0.048473682
0.061372347
0.04692953
0.04747819
0.046806607
0.06607962
0.055401906
0.057120476
0.04424041
0.045564774
0.043381132
0.04082188
0.054565445
0.06935978
0.03921459
0.044190556
0.064579844
0.05261673
0.03911939
0.057959594
0.04288843
0.05586742
0.04367932
0.060541827
0.049622435
0.051236853
0.045460593
0.061927557
0.05092802
0.06309609
0.047643118
0.05745965
0.046915904
0.056386195
0.050933413
0.03856311
0.052223984
0.042386055
0.054632276
0.05069877
0.040793404
0.03260506
0.05662603
0.04807593
0.043752566
0.0497391
0.046222907
0.03613411
0.050896622
0.040447373
0.031913713
0.047897577
0.054424584
0.055857554
0.056989037
0.053676553
0.0554801
0.0424276
0.041230135
0.06110371
0.060407087
0.05324173
0.051359788
0.036075786
0.061143316
0.058584098
0.050608385
0.05265083
0.043281324
0.06436287
0.039101385
0.06527434
0.0556268
0.045589246
0.054805163
0.06262293
0.04912056
0.052305028
0.053179108
0.03870769
0.051009722
0.04286988
0.049636327
0.04526332
0.039543204
0.041391313
0.04409095
0.043407124
0.037790295
0.07309555
0.057801798
0.044327684
0.047912173
0.04120615
0.05762685
0.047912918
0.04725966
0.056300998
0.048000135
0.055610426
0.03676866
0.06121762
0.041128203
0.047191747
0.060999446
0.040851533
0.04372509
0.050545596
0.04759752
0.040959142
0.043745864
0.04464586
0.03892702
0.041368946
0.03873539
0.056494012
0.04922702
0.064699136
0.050129622
0.06332805
0.051014908
0.04524725
0.04775553
0.056475364
0.04906977
0.050371274
0.04840736
0.06074381
0.039138526
0.05266679
0.06507661
0.04094384
0.050232902
0.06747776
0.045892313
0.055515982
0.050836127
0.0567651
0.06199667
0.05493906
0.050766867
0.04484559
0.057094358
0.04724855
0.05302535
0.057009414
0.04425491
0.050836936
0.03742806
0.05223614
0.04472568
0.042547166
0.059031896
0.044413835
0.048588037
0.03584279
0.044933006
0.043893687
0.045785986
0.059769794
0.05824914
0.056716934
0.046054497
0.05805977
0.05245883
0.04683256
0.05714184
0.056809574
0.047547586
0.04941412
0.059524715
0.05051446
0.05241087
0.041396722
0.04430104
0.047131285
0.04644695
0.04346995
0.058448114
0.04958272
0.053405285
0.03971917
0.045184985
0.042707156
0.0436401
0.04734983
0.05123927
0.043004658
0.06351382
0.044685498
0.044353694
0.043653864
0.05404924
0.054374933
0.043900378
0.05885869
0.057148397
0.05330821
0.05465804
0.05362433
0.04780521
0.037862428
0.04645288
0.049684934
0.050962202
0.063303635
0.04691715
0.053209677
0.048797652
0.045033693
0.04664732
0.042478442
0.05124114
0.0474627
0.041339323
0.052763034
0.038353994
0.037425153
0.043185893
0.04954992
0.049881194
0.03669393
0.06766336
0.047836162
0.040222876
0.05570335
0.037072897
0.051193163
0.053122774
0.041344594
0.041769423
0.050712004
0.041834056
0.044058688
0.05660855
0.05385585
0.048318323
0.048984535
0.05733762
0.050452154
0.04228151
0.05129846
0.046387814
0.049844205
0.059447866
0.047472253
0.083485745
0.055627175
0.055901565
0.042043995
0.051838703
0.046428815
0.05217509
0.048436314
0.037155606
0.05081479
0.050624486
0.04887421
0.038878698
0.044973098
0.04900241
0.0449891
0.03926196
0.037417013
0.041301444
0.043155655
0.06316799
0.048406124
0.055991486
0.049638562
0.058700643
0.050195634
0.046344765
0.05445231
0.05064624
0.056606665
0.044136047
0.03676333
0.065305784
0.04964757
0.044187628
0.04560937
0.04009243
0.048225135
0.057579584
0.042733498
0.03617636
0.041072283
0.04745768
0.04936266
0.05710795
0.060671076
0.048409432
0.04852625
0.044537295
0.048089325
0.052016787
0.051422082
0.04520861
0.041445963
0.043955036
0.05239015
0.040060014
0.04166881
0.06246048
0.043252565
0.03875926
0.054675635
0.049911294
0.0390952
0.05876828
0.05341043
0.057932384
0.045260407
0.05891437
0.050589
0.049276784
0.053140014
0.05311615
0.042271502
0.06730801
0.049859088
0.044205286
0.046002183
0.059301924
0.0603465
0.045555145
0.050424866
0.04960829
0.04881805
0.0506823
0.062347792
0.045280926
0.045794964
0.052272297
0.06113133
0.053959634
0.041806817
0.054462593
0.04721886
0.048006807
0.042138003
0.055137515
0.044767752
0.04390695
0.047964823
0.059441492
0.04200097
0.047586787
0.043052875
0.05558816
0.04087268
0.0493668
0.046721037
0.04398228
0.039071776
0.04676439
0.043205775
0.03334926
0.048824057
0.04913587
0.037475064
0.051802814
0.052831836
0.05185362
0.04879781
0.06111958
0.05079744
0.048729904
0.049091328
0.050712615
0.046659254
0.03985387
0.051917057
0.04459667
0.04867054
0.04509285
0.042310365
0.045517795
0.056350563
0.047388986
0.05014613
0.06712052
0.04005334
0.049945973
0.050890744
0.0532783
0.06155435
0.044999152
0.049645647
0.07786679
0.055886906
0.05396462
0.05326777
0.048066817
0.03957735
0.05778626
0.047763053
0.05206924
0.046229772
0.04460081
0.038290124
0.045448862
0.044907197
0.042866677
0.05975158
0.046649016
0.04641552
0.037391283
0.06257419
0.053844094
0.060140803
0.04947769
0.05341202
0.0629961
0.04942457
0.0487058
0.056333162
0.04017195
0.054289214
0.04988802
0.04749687
0.052116632
0.04408527
0.051064745
0.049567398
0.07818261
0.057502277
0.0482752
0.048403047
0.05724376
0.041712664
0.052305028
0.05563511
0.06353998
0.05658922
0.07060425
0.057996154
0.0470099
0.04518144
0.05121319
0.039544355
0.045115683
0.04985545
0.047806107
0.055546146
0.05345978
0.04866591
0.054863766
0.05096615
0.06266591
0.046343178
0.04393124
0.047384728
0.05369108
0.067559525
0.041574936
0.037438456
0.05629982
0.044248268
0.047314934
0.062466003
0.04829463
0.04715406
0.039834492
0.04224044
0.056593485
0.044171587
0.04553287
0.05209087
0.053014245
0.053712193
0.056077346
0.04874234
0.055927787
0.057171077
0.060944863
0.045731697
0.047127202
0.048390098
0.04729739
0.047046967
0.04960612
0.040609777
0.04698568
0.036599267
0.04208204
0.044817746
0.061258726
0.044582546
0.054798245
0.043027423
0.047086164
0.04887952
0.04612557
0.040467437
0.049996942
0.044704378
0.048603497
0.04204994
0.043084834
0.048761062
0.048834663
0.04302623
0.050949708
0.028952539
0.044165492
0.047349554
0.046398155
0.050344158
0.05343195
0.045873575
0.04327207
0.045137357
0.035888955
0.040810302
0.05116797
0.050433174
0.053166922
0.03340925
0.046042476
0.054675244
0.058157466
0.043826565
0.049363084
0.041124754
0.044804446
0.048269145
0.052727424
0.047866553
0.041309457
0.04143337
0.045488864
0.05033022
0.057279736
0.045444217
0.04646223
0.04552064
0.043158058
0.05366326
0.04294198
0.060403433
0.054927632
0.043506954
0.045294255
0.053827085
0.054743
0.04391576
0.06081783
0.053379305
0.044197083
0.053075828
0.04618045
0.044768702
0.04450045
0.055838063
0.047610134
0.04412353
0.046243243
0.048208214
0.060826514
0.04636918
0.046736956
0.042610772
0.052301362
0.042490654
0.055161662
0.06433533
0.050050735
0.042047903
0.043005798
0.057397302
0.06464932
0.04291302
0.05810342
0.04365619
0.049202304
0.06119418
0.0477454
0.05470561
0.06771307
0.049490396
0.042798355
0.048984043
0.052102514
0.045540527
0.039193235
0.04399596
0.041977197
0.046247516
0.046633698
0.049854256
0.045696355
0.044611335
0.050093394
0.054233484
0.040997557
0.058866862
0.045510646
0.050362047
0.06743656
0.049344666
0.045509357
0.0487217
0.041249473
0.045524515
0.048077464
0.053986713
0.06450895
0.039612368
0.06472921
0.051027093
0.04707904
0.04218062
0.03942891
0.058176324
0.044009805
0.0608475
0.05158066
0.054612868
0.041916087
0.058611102
0.04470467
0.04726382
0.05237782
0.05014623
0.0521734
0.049105246
0.053002276
0.05080741
0.042871952
0.056453526
0.056218192
0.05063284
0.046202265
0.042716425
0.038768675
0.05850946
0.048030928
0.052308146
0.055665508
0.04035885
0.04610778
0.0457218
0.046374667
0.048699215
0.055074777
0.046303213
0.051068366
0.045284264
0.04857267
0.053516902
0.061278187
0.048528418
0.056606986
0.05342184
0.049654357
0.044557534
0.046993926
0.056828566
0.055958465
0.05089292
0.06441023
0.03821444
0.05125174
0.055921856
0.045523748
0.045806605
0.042343806
0.0506581
0.041180953
0.05122352
0.046441063
0.04606592
0.054035824
0.04677453
0.056654897
0.04253281
0.05161476
0.044949982
0.04020569
0.042329185
0.05160012
0.059989862
0.042867877
0.047829427
0.05337877
0.042457916
0.044646647
0.043842304
0.038517546
0.04825429
0.047190964
0.046250135
0.03616386
0.03226
0.045942
0.04495606
0.044326894
0.045949772
0.051708505
0.056459002
0.03719887
0.05288915
0.046033077
0.051719956
0.059878
0.05133241
0.047398895
0.03718072
0.04933037
0.047443584
0.05008086
0.040680356
0.04807069
0.060885906
0.061118446
0.058336206
0.042721823
0.038734127
0.041082725
0.041407637
0.049903415
0.040105082
0.04165045
0.061717466
0.058648016
0.05634357
0.048963495
0.052811414
0.060370944
0.05030184
0.0478056
0.042188678
0.052302584
0.03584351
0.037828654
0.038832817
0.040739756
0.046982028
0.048833005
0.050910257
0.052662447
0.058071677
0.042100277
0.05735267
0.057242073
0.045008466
0.045442462
0.044318732
0.04606237
0.061168842
0.053651273
0.045418873
0.04094457
0.035517383
0.047373302
0.048024587
0.045017015
0.056704372
0.049555972
0.05537887
0.049222894
0.05942379
0.038143277
0.04754084
0.037278403
0.04677867
0.0415309
0.04187704
0.04890941
0.046607025
0.045306962
0.0629649
0.054966595
0.044766486
0.046997078
0.045274362
0.041291516
0.048867468
0.050910987
0.053812798
0.053086948
0.055571422
0.03905378
0.057212047
0.049951047
0.04364647
0.047566324
0.05523356
0.0522853
0.047198527
0.046774745
0.050477486
0.054702193
0.038745716
0.058727413
0.052044585
0.044525787
0.0440408
0.055703253
0.060594916
0.04169368
0.05770857
0.05460731
0.04941572
0.050320245
0.03723771
0.036035318
0.048715718
0.049440138
0.049397722
0.04739661
0.030664038
0.046014037
0.048725314
0.05667728
0.039354876
0.04385804
0.039879564
0.049325533
0.041346073
0.05101103
0.05515022
0.044676155
0.05938551
0.04270923
0.04459727
0.04950817
0.034460314
0.06231425
0.05423729
0.05318404
0.057074443
0.047745157
0.04418996
0.04538864
0.04204166
0.06653908
0.04864619
0.05770289
0.05152921
0.051538885
0.0527283
0.04600218
0.05221646
0.04708654
0.04407177
0.04798822
0.041232213
0.044231944
0.052919723
0.042892445
0.04573279
0.050823517
0.05020395
0.04451912
0.043451607
0.05624121
0.051336356
0.044002645
0.04455919
0.054773953
0.047608066
0.052264795
0.05296178
0.05038595
0.05052276
0.04491313
0.05990474
0.055768337
0.039925907
0.03995041
0.046716474
0.05323118
0.046853833
0.044571817
0.05914091
0.03903764
0.06051483
0.05356634
0.055576757
0.03788555
0.047318637
0.06266969
0.045355618
0.03892944
0.05040302
0.045977943
0.06320409
0.060185373
0.043268163
0.046454705
0.055600144
0.050408125
0.043468975
0.044685088
0.05804377
0.041633345
0.05036291
0.04915907
0.06143177
0.057957333
0.052617587
0.054470524
0.038002938
0.047725737
0.048480533
0.050116323
0.05617241
0.046595417
0.055781227
0.049891423
0.044405002
0.055413187
0.03690159
0.060501616
0.05623589
0.05727414
0.046581585
0.06532562
0.061031103
0.04786674
0.053354558
0.05382489
0.043634735
0.04530694
0.05220284
0.03335233
0.03999328
0.053737946
0.055280894
0.04532127
0.03442931
0.07263053
0.05126261
0.045688458
0.043228373
0.04701654
0.04950107
0.04753296
0.047955185
0.042731978
0.05490595
0.0338374
0.041355684
0.050545394
0.06119965
0.031679012
0.06503171
0.058485925
0.046460427
0.045017995
0.040029906
0.058069438
0.05774683
0.036097772
0.043343853
0.04837177
0.045630943
0.052733168
0.042455688
0.03742186
0.048934266
0.043087743
0.04474768
0.05325725
0.053375114
0.048622504
0.03518322
0.039601967
0.044224314
0.051473163
0.03991498
0.048207015
0.054221254
0.049159892
0.049315725
0.04642483
0.043586828
0.03925342
0.06190957
0.051747788
0.052721202
0.049496837
0.04937861
0.04378564
0.054408643
0.04958885
0.06814769
0.05030933
0.0498869
0.042404734
0.041631225
0.06482272
0.05558154
0.03842968
0.07289222
0.05437301
0.0685564
0.0453199
0.047646195
0.046164688
0.044578824
0.055423666
0.04237122
0.061984587
0.0461597
0.065466896
0.037531868
0.041458406
0.044294573
0.040934004
0.056418583
0.057404175
0.048966557
0.04384582
0.040575977
0.037972353
0.042637356
0.04449976
0.05097304
0.043710493
0.07025296
0.045755204
0.049840044
0.047411717
0.031802416
0.040140945
0.043589436
0.0586804
0.04599908
0.04683854
0.05285669
0.04810049
0.05696339
0.051169053
0.033989068
0.057123486
0.032641295
0.049324438
0.042195532
0.049167335
0.049966943
0.037502892
0.058143232
0.048210394
0.035542756
0.0397596
0.06259012
0.053264506
0.06587331
0.043333054
0.04686783
0.038786575
0.04309296
0.04844381
0.052496415
0.04716409
0.039202016
0.045113705
0.049391836
0.04759755
0.05053379
0.048398077
0.049298547
0.05291511
0.040667307
0.05949489
0.04632119
0.041246206
0.044926673
0.04865025
0.06112147
0.051116064
0.04211314
0.045658458
0.040734973
0.0428923
0.049716357
0.045942344
0.052928872
0.058747794
0.059722356
0.04128624
0.048710786
0.051112156
0.053352147
0.06507385
0.04703985
0.051660858
0.049593136
0.046830773
0.04054886
0.04756665
0.041471396
0.04183218
0.05325845
0.051600277
0.04917022
0.04996527
0.044523068
0.03995936
0.03661318
0.046065554
0.057077415
0.049752247
0.043826357
0.051679276
0.043988783
0.033550233
0.038001716
0.043592796
0.0541702
0.045230955
0.04560907
0.045294438
0.04175591
0.039717816
0.051202744
0.042061325
0.038947273
0.04155281
0.054811
0.05503629
0.040045887
0.050702274
0.051308528
0.04808779
0.046695255
0.039076008
0.043252796
0.05865228
0.04299476
0.050181855
0.045296177
0.044958092
0.050486617
0.06351048
0.05786962
0.05301661
0.043639686
0.056702442
0.045146592
0.041831765
0.033115853
0.04481142
0.043810584
0.052015834
0.055467006
0.041907825
0.060376834
0.059330262
0.063962184
0.04551857
0.0407231
0.050556652
0.045898847
0.04746659
0.047434792
0.054815136
0.04053632
0.04779975
0.06111404
0.0641635
0.04652553
0.0533911
0.048412204
0.054280795
0.03701574
0.05720295
0.049176656
0.040979754
0.046836868
0.05363903
0.05644007
0.042889446
0.050379872
0.045475386
0.04844574
0.07579011
0.054758146
0.03724571
0.047352172
0.037283838
0.041625075
0.052808426
0.045578685
0.052443422
0.056381702
0.04957314
0.041622575
0.050975487
0.037951473
0.046388507
0.04202898
0.050378323
0.0482196
0.04206298
0.048921756
0.03866769
0.054161444
0.047584876
0.045993876
0.0581974
0.045563
0.043766335
0.047895283
0.04888064
0.04896054
0.04250106
0.07139236
0.056970082
0.044210874
0.052602977
0.03435965
0.0470991
0.042473003
0.049625695
0.054345667
0.033262115
0.03491459
0.056193307
0.05781512
0.046785913
0.053491853
0.037857313
0.046483748
0.040140912
0.067929395
0.049284875
0.058080375
0.04981362
0.044785105
0.04298687
0.05167002
0.047562856
0.05126009
0.047705516
0.04123742
0.037232783
0.045535777
0.04824956
0.05055208
0.04150673
0.044307493
0.04489529
0.05162041
0.056299597
0.05302442
0.050624102
0.040695492
0.050180502
0.039363407
0.040152103
0.06007205
0.036854044
0.049743306
0.048112854
0.049209453
0.054750714
0.05405747
0.050097182
0.053965904
0.0464072
0.050075725
0.057154406
0.047648087
0.04157617
0.055646338
0.046782013
0.06397429
0.0559298
0.045629334
0.05219124
0.04272578
0.050407775
0.052184977
0.047745608
0.04549577
0.050835617
0.052284226
0.054946102
0.044782035
0.048245504
0.04707376
0.0459804
0.056301355
0.046371482
0.054104134
0.03706728
0.050947912
0.059637092
0.04786936
0.047759123
0.044659197
0.050756924
0.049820315
0.044432536
0.039028026
0.058156647
0.04077906
0.043934744
0.053202536
0.056230538
0.042882778
0.04562676
0.03977963
0.040099483
0.04063166
0.06027937
0.048266195
0.048838705
0.04787241
0.04514108
0.038514517
0.051091246
0.041277498
0.04890021
0.05437044
0.036732703
0.033159614
0.04267569
0.04533697
0.039353862
0.051604144
0.047407866
0.057977773
0.04316011
0.047228537
0.033005025
0.052431524
0.043369807
0.048847128
0.04325998
0.043826416
0.04399999
0.035190344
0.041750867
0.052259214
0.04298859
0.04596039
0.059397243
0.058927745
0.040433396
0.045230627
0.04486286
0.042967714
0.0364194
0.049625695
0.06930915
0.04570911
0.03593646
0.05478763
0.055193402
0.0365716
0.05192853
0.0546742
0.05149723
0.04523773
0.056150317
0.039171856
0.058263212
0.04869947
0.050875623
0.050450183
0.04587529
0.046678096
0.04628717
0.048009675
0.04533586
0.046748064
0.056970067
0.043006442
0.043940872
0.05018019
0.059078187
0.056447722
0.051375072
0.049354494
0.048476428
0.037405975
0.042942014
0.04055854
0.049256302
0.044342257
0.03992454
0.04269087
0.0466228
0.056569327
0.04434822
0.051212315
0.047903642
0.034853637
0.048511423
0.045140374
0.04338049
0.043978184
0.04602114
0.036002465
0.04786071
0.04392708
0.045035627
0.06649561
0.04352569
0.040284146
0.050667346
0.043557458
0.04900597
0.05642663
0.053877376
0.044645023
0.042739756
0.035083406
0.055230428
0.058672607
0.04371114
0.05619487
0.042344186
0.052360207
0.053191833
0.051675327
0.056757446
0.04489315
0.045125537
0.04903836
0.05908288
0.04829597
0.051347826
0.041452236
0.029462725
0.033788025
0.061793894
0.050011314
0.044235982
0.03764987
0.044198662
0.040143766
0.033633538
0.057416636
0.057359427
0.057549365
0.04396187
0.05942429
0.04602783
0.057103727
0.041714177
0.052604113
0.0459491
0.052183002
0.04015372
0.049435742
0.037869103
0.06046061
0.046296217
0.049819022
0.046242006
0.05645594
0.045038436
0.056688257
0.04196788
0.0350659
0.04017234
0.04491464
0.055244356
0.054119177
0.047012504
0.040267773
0.039618913
0.051663354
0.03830903
0.05073087
0.064026296
0.044967182
0.053286344
0.03968206
0.04674514
0.048560366
0.042706847
0.056709584
0.04859787
0.043256506
0.040079128
0.032493763
0.046295002
0.041859973
0.051417254
0.051064458
0.05230784
0.04265638
0.04543758
0.040855683
0.05279593
0.050130576
0.049463026
0.044887766
0.045044735
0.049281593
0.047325388
0.047008917
0.047353894
0.04644939
0.061703622
0.039761
0.038600445
0.039573073
0.04379958
0.05254168
0.042715766
0.044150464
0.060185757
0.05630256
0.056024604
0.040171843
0.047769725
0.043549113
0.04412269
0.043852568
0.04965943
0.050659105
0.041493576
0.051167376
0.050543845
0.037754647
0.04504312
0.042142298
0.04257199
0.05469704
0.06382528
0.044012204
0.039346308
0.04831917
0.048637547
0.06085291
0.05084932
0.053960122
0.05016235
0.057181265
0.040621735
0.043164402
0.049461983
0.04144179
0.05079194
0.047975995
0.052831165
0.05497828
0.043829035
0.038150787
0.04683201
0.05318428
0.055268988
0.040146753
0.039284885
0.0393975
0.035911534
0.04201437
0.04555992
0.05084694
0.05435968
0.051383927
0.047784723
0.039775543
0.047358952
0.041298036
0.036708377
0.040702492
0.052269913
0.0426429
0.040521197
0.069694445
0.048208423
0.04597693
0.061699197
0.047646753
0.046578653
0.059392028
0.06043569
0.05142054
0.055020913
0.05378334
0.046081405
0.041776977
0.04878432
0.069436245
0.040350642
0.039931733
0.04323194
0.046836145
0.04535368
0.04534559
0.044335745
0.043516465
0.055930104
0.05209599
0.04517346
0.03910452
0.03548727
0.05097463
0.04137347
0.044620372
0.047928646
0.053210076
0.041022643
0.056106444
0.049390912
0.033912607
0.045706253
0.057823904
0.058425922
0.053804867
0.04730437
0.043358598
0.04430689
0.04072435
0.05759064
0.056219503
0.053074576
0.03600838
0.04654373
0.05336894
0.042884864
0.036362983
0.048804905
0.05214463
0.042706788
0.045433395
0.0481071
0.043103516
0.043594956
0.05356321
0.0564988
0.054834295
0.055886924
0.042872585
0.03753691
0.051306687
0.05725589
0.041601337
0.046890613
0.04995714
0.039901435
0.050229922
0.053561807
0.05433748
0.051351063
0.037213378
0.046237685
0.041888088
0.04682949
0.052146845
0.057719972
0.035315417
0.04562831
0.049383566
0.050609194
0.0570139
0.050237957
0.03860928
0.0431446
0.059970543
0.04713317
0.05194666
0.051418178
0.035880238
0.0548882
0.052971777
0.045630313
0.050188728
0.046986945
0.040766448
0.05537833
0.0510194
0.051365416
0.04608092
0.04699307
0.04443871
0.05870034
0.033319756
0.041007064
0.050710775
0.04383729
0.04424754
0.04857358
0.05394091
0.045728393
0.0375786
0.04652448
0.03932885
0.04930874
0.043601144
0.03679443
0.05601816
0.041812748
0.056360316
0.044578742
0.059034903
0.053429354
0.045261722
0.05317926
0.039290205
0.036380276
0.048021216
0.049634106
0.046207055
0.044375576
0.051666033
0.048895326
0.058777936
0.04922522
0.061761294
0.052970804
0.052295394
0.039053693
0.04399847
0.045569953
0.04762367
0.050404437
0.058741815
0.038714193
0.035101417
0.048321877
0.05003292
0.05492825
0.04599437
0.04949498
0.042628326
0.04522997
0.052140914
0.053889185
0.041374642
0.045293495
0.044100385
0.038486555
0.04204885
0.058953002
0.054941844
0.05342457
0.039871752
0.04522434
0.042225957
0.039205387
0.04096385
0.054565817
0.048628908
0.04650016
0.0522789
0.043541957
0.050313078
0.056422006
0.044608407
0.04327199
0.044269156
0.05019767
0.05369348
0.048472784
0.0571731
0.054613303
0.04302888
0.05477749
0.042183563
0.046150416
0.037517726
0.043029636
0.049884662
0.05391792
0.039592758
0.04076697
0.04214798
0.040954012
0.05452849
0.07393874
0.050761864
0.049807765
0.042908758
0.05016406
0.052025132
0.044567585
0.054273322
0.05486972
0.052874587
0.040329777
0.039765917
0.040573433
0.037370663
0.045867205
0.043987013
0.045438312
0.046677887
0.056399316
0.051239267
0.05085603
0.05243369
0.044279553
0.052600287
0.049987465
0.056665547
0.04983349
0.048234493
0.057303734
0.041248307
0.034303475
0.043528784
0.054417975
0.054480255
0.06303736
0.04374031
0.050449174
0.058994774
0.0702753
0.061741494
0.038765028
0.040949468
0.043190993
0.049730636
0.04801611
0.059788637
0.04949131
0.047986314
0.048617408
0.047333598
0.044441193
0.048745535
0.046100795
0.04820682
0.054842986
0.048267156
0.050696507
0.04990338
0.042951174
0.054483853
0.039513037
0.04517337
0.055785287
0.049641065
0.05183194
0.038894854
0.040144335
0.055897623
0.047456317
0.03589397
0.053668793
