0.7028645
0.6520016
0.5139035
0.27650183
0.24637172
0.32362047
0.26084867
0.27141842
0.358454
0.23602933
0.21120149
0.26415816
0.33079314
0.35068646
0.18273251
0.23253706
0.3252974
0.33204168
0.32559624
0.14208037
0.1607087
0.107261255
0.14253107
0.17360088
0.108011425
0.130368
0.09560515
0.13155164
0.1107475
0.110842325
0.18762374
0.23447013
0.11480222
0.13613176
0.106068954
0.069598645
0.09622647
0.084924296
0.10533483
0.09920206
0.1270224
0.1276424
0.1551325
0.13853487
0.14125566
0.1344964
0.09346551
0.08709507
0.097569615
0.09559825
0.094211936
0.091365024
0.09496613
0.08448387
0.06780079
0.07066689
0.07226671
0.09476538
0.08606597
0.11171073
0.098018214
0.07468693
0.06608251
0.0837809
0.07842978
0.093352534
0.10877742
0.08498771
0.06717462
0.07464123
0.071106255
0.10744655
0.09661181
0.072722584
0.075151294
0.11148213
0.0863594
0.074787565
0.07595413
0.07760891
0.067448705
0.12478148
0.097071335
0.08444743
0.06882194
0.08014995
0.06882149
0.07436754
0.06371914
0.08340275
0.09810327
0.088761546
0.093631715
0.06229301
0.07393759
0.08665711
0.06936318
0.074332565
0.058867574
0.06343752
0.061112784
0.08660869
0.06825039
0.075535476
0.08074591
0.072610766
0.06315684
0.07369511
0.065864444
0.082518116
0.06910223
0.0639271
0.06447193
0.074598
0.07402007
0.0789035
0.09789026
0.09176341
0.077113286
0.067453556
0.07494062
0.07941628
0.09136081
0.059573762
0.08016755
0.070597865
0.060429104
0.06679216
0.07563651
0.065677464
0.05739229
0.062306218
0.07728267
0.08838412
0.082664825
0.083501324
0.09035969
0.073502295
0.08168352
0.06975293
0.06571089
0.055600002
0.052441258
0.07632981
0.061715808
0.05697117
0.0586404
0.07290392
0.06622136
0.082940735
0.085660055
0.065511174
0.08559711
0.07374038
0.07480612
0.08505592
0.07164112
0.0790258
0.06424555
0.06309132
0.0825304
0.068470165
0.09314704
0.08225121
0.088266425
0.077670865
0.07758666
0.06329146
0.06127983
0.060079753
0.061852887
0.06656413
0.057729974
0.058291912
0.06694497
0.061663903
0.06004443
0.056020807
0.06250535
0.058862396
0.06408003
0.063419096
0.05590312
0.054846235
0.06216672
0.07116386
0.060583223
0.06607321
0.07174012
0.05845792
0.05078435
0.056885377
0.06710631
0.07727966
0.059285864
0.062269002
0.0710742
0.08997254
0.07779798
0.070669256
0.07248593
0.07691729
0.07788381
0.055957414
0.05889038
0.08978861
0.077992216
0.07798586
0.06642688
0.07338379
0.07948588
0.06194203
0.07360819
0.053029846
0.064823896
0.05900833
0.062099643
0.071206994
0.058145955
0.047885954
0.05379699
0.057379775
0.050479963
0.057675593
0.06785614
0.060312282
0.087466136
0.08829961
0.08016114
0.06924964
0.075356446
0.061603725
0.07229451
0.052678574
0.050775368
0.060045775
0.061094284
0.07517637
0.056868553
0.049136434
0.04877537
0.05847983
0.046497583
0.06359682
0.069127545
0.08154003
0.06919501
0.067665234
0.07179154
0.07407519
0.07817643
0.080500945
0.07996513
0.08428377
0.07059744
0.06064272
0.058907874
0.049268473
0.060945865
0.05997424
0.06060847
0.06129189
0.053105168
0.058429852
0.054702964
0.06545155
0.059193846
0.057928003
0.048270777
0.05620718
0.058890678
0.07198614
0.0544218
0.046674065
0.058052126
0.051817633
0.07179715
0.045361936
0.050518822
0.06857681
0.06406126
0.06649667
0.06596461
0.05358408
0.07414897
0.060476214
0.06975921
0.0723908
0.06027732
0.06599565
0.07067931
0.0634568
0.07998509
0.07788393
0.06635223
0.060675297
0.07285076
0.07439193
0.08190705
0.056833953
0.04463931
0.04001444
0.05643691
0.054288156
0.05736056
0.06620286
0.05114796
0.06358284
0.070965365
0.056635797
0.052393865
0.068941504
0.050788116
0.048618495
0.055839203
0.05924108
0.047084343
0.06765938
0.067224644
0.052033044
0.071740225
0.047460064
0.07197832
0.05190574
0.06056846
0.066227764
0.060863025
0.07368541
0.07899375
0.061414987
0.07523353
0.043403067
0.06585139
0.05962226
0.052245125
0.05942706
0.06517045
0.06987465
0.052557506
0.048849605
0.06517355
0.07512151
0.042101674
0.057499878
0.058188736
0.059695568
0.053906303
0.052783255
0.04489901
0.07322164
0.04951266
0.06311558
0.059215147
0.07515159
0.06608546
0.05869343
0.05421756
0.06763448
0.059816055
0.050971568
0.0632001
0.06153362
0.05197294
0.07078047
0.05352251
0.068253145
0.07642621
0.06459559
0.06264636
0.06234595
0.058015935
0.074985646
0.06016893
0.06674902
0.06419388
0.06562631
0.05803605
0.062624104
0.0557068
0.049081445
0.05689896
0.05787714
0.051621597
0.063105315
0.06820131
0.061348915
0.05621252
0.05490665
0.043234423
0.055253796
0.050321445
0.05535235
0.0520555
0.059713922
0.060258143
0.05471132
0.06402092
0.06368252
0.05830911
0.0722146
0.06374435
0.06649377
0.06509687
0.07489044
0.068745665
0.053167854
0.054024402
0.0741901
0.059877254
0.052104264
0.061335362
0.043418977
0.06164229
0.06620746
0.057987057
0.04654054
0.05688916
0.044497892
0.059267808
0.042178135
0.049008764
0.05666998
0.068403125
0.055522595
0.07485182
0.05236949
0.04977213
0.066370524
0.06311517
0.06731891
0.054649636
0.043936856
0.058126755
0.06265478
0.051799797
0.061531216
0.0411228
0.04380022
0.06627933
0.05323863
0.05538529
0.0639711
0.05270982
0.0602405
0.06380797
0.0655774
0.063372076
0.047699623
0.062032893
0.04687781
0.041667365
0.04957641
0.053224377
0.04463549
0.06310919
0.048663903
0.05922631
0.044932447
0.06906086
0.05306978
0.067068726
0.049818683
0.050565626
0.06857282
0.05441581
0.060382776
0.06468234
0.056728367
0.055515967
0.059544552
0.06796186
0.06186074
0.06499511
0.05908338
0.055950586
0.065016374
0.05674361
0.059493586
0.057646666
0.053680345
0.050174408
0.066016674
0.06867456
0.048707142
0.078629375
0.057831462
0.06281753
0.048431613
0.043300077
0.06096825
0.06354078
0.068960875
0.04597133
0.055307887
0.055698007
0.051898103
0.047496773
0.054805882
0.0462485
0.05541607
0.046338767
0.050558694
0.04275497
0.059571873
0.04476689
0.051184304
0.06204158
0.0552009
0.051593747
0.06259084
0.0649905
0.05107968
0.06632535
0.051893562
0.058325443
0.06016195
0.05069568
0.055320986
0.062114183
0.057958506
0.0644711
0.05277706
0.052983075
0.051570155
0.03960554
0.059005205
0.06805532
0.048423413
0.061296232
0.04904577
0.05241089
0.070864856
0.05990015
0.061785754
0.052657403
0.048558142
0.050059855
0.067875534
0.04707759
0.05161348
0.06948842
0.041333973
0.057608187
0.050986197
0.05237071
0.06243661
0.05198061
0.061312657
0.062310394
0.059157133
0.061560363
0.055694044
0.06202288
0.055719305
0.058853243
0.045300737
0.07314117
0.058748305
0.048067942
0.050139356
0.04594166
0.049054194
0.059220053
0.043966286
0.061693005
0.050945938
0.045763087
0.06642893
0.05390187
0.046626143
0.047256276
0.043105274
0.054171782
0.06437767
0.058603782
0.06973901
0.058751646
0.054430097
0.06442041
0.037887104
0.04922442
0.046698164
0.04837361
0.044991657
0.059452716
0.0567228
0.06055226
0.05805674
0.04617132
0.04212335
0.048583895
0.04871797
0.051307775
0.03706654
0.055216726
0.06107504
0.047432538
0.05421088
0.04757025
0.044778295
0.04655545
0.04552369
0.053230554
0.0586508
0.055395547
0.05344946
0.0480762
0.060077667
0.065355256
0.06839771
0.056243014
0.04690506
0.06525717
0.058279186
0.056097914
0.053784717
0.04812862
0.04583622
0.045881167
0.059529684
0.050864026
0.054521106
0.060535055
0.056729794
0.0544401
0.053443607
0.054369558
0.059775185
0.060290318
0.050288167
0.04440186
0.055325594
0.053517096
0.04892132
0.042634025
0.046646766
0.035599254
0.046165377
0.0545667
0.052035518
0.054408178
0.04699585
0.052976403
0.050851516
0.052649762
0.06435601
0.06343223
0.05682668
0.07903933
0.061470944
0.07413134
0.066691294
0.06282825
0.059385095
0.058640406
0.045984093
0.052666083
0.056163557
0.06610964
0.039605826
0.04200874
0.051053785
0.053731754
0.054466147
0.04951062
0.059798464
0.03907367
0.03965543
0.048720554
0.04153221
0.047898382
0.051339716
0.046220362
0.038442127
0.051400967
0.061129794
0.048088536
0.043240145
0.070608065
0.05282703
0.044383302
0.07332303
0.05004988
0.057093296
0.05561241
0.05275719
0.052062713
0.05314377
0.060106408
0.046072982
0.056880556
0.05766149
0.0318937
0.03799916
0.05404412
0.048424534
0.053763505
0.060747534
0.05122623
0.05802019
0.053118084
0.05925718
0.05264079
0.050412767
0.046941113
0.049177166
0.046920694
0.054724015
0.04345023
0.052809104
0.060352504
0.063078836
0.06804064
0.04308193
0.05258026
0.04893753
0.054845057
0.059152804
0.057032302
0.05543189
0.054596286
0.055053312
0.049728382
0.056492638
0.047417242
0.05411866
0.0449335
0.050315455
0.048734996
0.052278064
0.057012934
0.06628345
0.041877486
0.05034052
0.046255514
0.044846505
0.049240157
0.047135465
0.050082933
0.051931992
0.04489667
0.05085777
0.060490176
0.04618145
0.055642955
0.046281613
0.063189164
0.042862516
0.053192712
0.06752718
0.055116456
0.0525665
0.055276286
0.044347554
0.04904467
0.047724687
0.0429621
0.048945222
0.04180861
0.047600396
0.045180954
0.05818305
0.0703169
0.044884384
0.048447102
0.04996156
0.051753625
0.053757537
0.048029475
0.04752781
0.039399214
0.045418505
0.06792778
0.04409026
0.044377577
0.05083283
0.05553458
0.05353906
0.039544847
0.06320721
0.03792909
0.05235588
0.055539627
0.04045096
0.054681614
0.05675989
0.047776226
0.04990852
0.052759964
0.058129698
0.06663546
0.05147548
0.04881794
0.042828195
0.048174933
0.05157321
0.056385793
0.056243703
0.038341686
0.047970895
0.048339937
0.05703856
0.05159147
0.056243032
0.05208134
0.053444315
0.041579593
0.05308377
0.05792613
0.058342457
0.045712724
0.055668265
0.047507327
0.07155416
0.047614705
0.05704884
0.06238735
0.049531292
0.047379598
0.059129454
0.06016467
0.039208136
0.062288124
0.052635122
0.056904927
0.04454658
0.046128716
0.051431257
0.04601908
0.048246056
0.054394826
0.06004083
0.057379507
0.049250662
0.035034314
0.04850585
0.057132825
0.038702283
0.03614563
0.05571332
0.05024395
0.060934562
0.041201588
0.049772702
0.038085032
0.04282611
0.06321675
0.055965737
0.06253125
0.06047002
0.053110544
0.06053407
0.042672116
0.049786575
0.060672697
0.04838578
0.048648752
0.04614951
0.049620297
0.04741315
0.056467615
0.036887627
0.06541893
0.054751568
0.03827794
0.055328336
0.05790333
0.05510673
0.052207664
0.037218876
0.0419632
0.03582426
0.0487111
0.04102666
0.054560795
0.04529761
0.06264341
0.052391805
0.04939168
0.07041049
0.04915964
0.048080362
0.053719953
0.061433803
0.04331933
0.037541404
0.045488484
0.06649575
0.06653252
0.05986554
0.052072052
0.057071544
0.049078964
0.060471438
0.04914492
0.06938392
0.052840423
0.054839082
0.053697757
0.05102123
0.050796304
0.044640206
0.055967864
0.035571042
0.05338376
0.053767517
0.038738668
0.06354683
0.06302403
0.043579683
0.04481222
0.06315843
0.056973115
0.05603803
0.049816612
0.058589607
0.05656044
0.05776748
0.055235464
0.054165557
0.05371443
0.061168108
0.05349374
0.056888733
0.055317782
0.054818384
0.054918885
0.03782688
0.044076867
0.043419037
0.051425457
0.05026376
0.06730074
0.043127097
0.04523412
0.04698766
0.05092041
0.039787974
0.03824295
0.046497617
0.057269745
0.052331187
0.050776012
0.053382218
0.05145637
0.047921143
0.03944765
0.04895693
0.037145853
0.05331785
0.040346704
0.040783472
0.04194799
0.045495555
0.041683078
0.047210157
0.04724825
0.04708568
0.052866645
0.04094187
0.04459742
0.068543255
0.045633882
0.058657866
0.046731405
0.051053017
0.046442673
0.045313455
0.04700061
0.0533108
0.048202194
0.038175315
0.0461958
0.047726218
0.037605446
0.056258865
0.03784527
0.0318688
0.06235486
0.047595665
0.043904543
0.04998562
0.043556012
0.049064152
0.05683671
0.043541178
0.047776237
0.05649105
0.059957296
0.05347377
0.051031075
0.05984429
0.05333386
0.04074233
0.05250246
0.05264222
0.050241783
0.03353607
0.04827683
0.04336313
0.05105776
0.06787641
0.042955916
0.049955707
0.05202218
0.050281804
0.054514125
0.047958147
0.050878227
0.04913327
0.05795286
0.056255743
0.0493635
0.0667122
0.043398034
0.049478814
0.04260938
0.0457437
0.042320337
0.05346097
0.047921572
0.033524867
0.051590405
0.050264396
0.043481797
0.0572822
0.060292833
0.051851284
0.054807827
0.04055714
0.0534795
0.049356952
0.038928203
0.051583573
0.043845348
0.04721301
0.03949424
0.046836965
0.042912923
0.043756515
0.0371059
0.04993491
0.04584614
0.049207438
0.041878283
0.03588283
0.049463987
0.05308155
0.0482231
0.058174517
0.047385953
0.052618302
0.047159426
0.047033228
0.049322926
0.068461865
0.052647166
0.048870876
0.059190564
0.059796423
0.041715506
0.045462504
0.054959662
0.056459896
0.057167586
0.059063673
0.045790978
0.042792074
0.04677401
0.062059704
0.05684282
0.06689263
0.04515101
0.048149474
0.040722933
0.04577625
0.06184063
0.05163234
0.052319054
0.055148873
0.050119743
0.041457184
0.05420255
0.05618815
0.04593284
0.04321811
0.052368026
0.044426996
0.05234076
0.05214997
0.053012274
0.04898467
0.05011604
0.043314278
0.045016237
0.054789934
0.044821203
0.059830688
0.04316872
0.034458604
0.037531402
0.03797019
0.0428963
0.058496848
0.061708283
0.05992746
0.03841354
0.06242745
0.057332523
0.056561187
0.04746174
0.035051852
0.04466653
0.04863184
0.052778386
0.049860545
0.045121167
0.05581887
0.03450357
0.04399143
0.042631004
0.048047327
0.04810572
0.056448687
0.058831375
0.06420636
0.04362157
0.05164307
0.04812663
0.058078207
0.045816496
0.0557326
0.055484224
0.06179431
0.0502408
0.046166748
0.0454932
0.06075003
0.05047466
0.05497723
0.04940054
0.04719741
0.055907674
0.054448053
0.03829763
0.06253646
0.04617686
0.045381032
0.042626295
0.05134749
0.05261922
0.052508272
0.0486976
0.042946402
0.06764709
0.051844455
0.042202402
0.043418728
0.061657786
0.04117491
0.037335105
0.045700498
0.038866833
0.051344767
0.048511088
0.042279333
0.045150265
0.049798105
0.048797052
0.04943908
0.06030556
0.046110593
0.053369727
0.048035525
0.047838062
0.05067421
0.04373785
0.041639663
0.044697188
0.051208735
0.04571558
0.04085759
0.041550573
0.051494285
0.046640158
0.045101658
0.03669379
0.05106628
0.041854717
0.04015936
0.036142126
0.053617164
0.055829916
0.037898794
0.042063985
0.046110027
0.04460559
0.051448047
0.043262213
0.051503796
0.041684363
0.047318093
0.0435965
0.04887243
0.043155715
0.0479988
0.05722455
0.0482881
0.042926364
0.038814615
0.0508793
0.0579706
0.059180982
0.062079195
0.06550265
0.04955534
0.0600908
0.049402565
0.040360816
0.054982215
0.047617394
0.04743962
0.05821574
0.049315684
0.034275763
0.048049852
0.041725554
0.048982248
0.0507991
0.044784665
0.047486074
0.05510057
0.03881044
0.03604506
0.056944396
0.044098973
0.05671274
0.05050969
0.05260264
0.048974544
0.041301653
0.03711674
0.056503344
0.05363486
0.051076923
0.047664296
0.04213957
0.052769255
0.053948853
0.06674621
0.051567473
0.04543483
0.04277789
0.053097002
0.049221285
0.050910246
0.041559152
0.07037978
0.051902235
0.039893217
0.04993002
0.045598187
0.057968616
0.06047097
0.0461519
0.03984497
0.055960197
0.04379385
0.058150727
0.046880648
0.050214037
0.049532592
0.038150974
0.06074209
0.037711725
0.05131723
0.053562425
0.043167382
0.05258401
0.049692955
0.050378185
0.05204159
0.04160898
0.046202496
0.04120208
0.03984806
0.046778303
0.05507441
0.049221285
0.04815451
0.049693234
0.051626645
0.05021064
0.044173196
0.04494498
0.05869524
0.046668813
0.03714341
0.0479951
0.05840592
0.046361897
0.048633568
0.05089087
0.06204139
0.046955545
0.055307828
0.045247994
0.049492456
0.046224
0.05085072
0.03962534
0.048206575
0.047644716
0.047280304
0.054146275
0.031085815
0.03944722
0.042605106
0.05438616
0.04787031
0.05881109
0.06615272
0.05895087
0.04983281
0.050698683
0.04595729
0.053103372
0.05432359
0.052378193
0.040896453
0.048522316
0.052118436
0.05222753
0.051685788
0.051756278
0.06322809
0.059485048
0.04764209
0.05588121
0.04921061
0.039819393
0.04695318
0.053517226
0.047589816
0.037587132
0.049448997
0.04474988
0.041399933
0.04783421
0.04154063
0.043648273
0.044615168
0.052322768
0.04872177
0.039076477
0.049233124
0.046031557
0.04628365
0.040190566
0.046801396
0.049360007
0.03693222
0.042299412
0.045037672
0.055848397
0.060400736
0.053510305
0.05664699
0.05820627
0.04700163
0.053048674
0.05517839
0.051348284
0.05389461
0.046127476
0.046565037
0.044369422
0.042447306
0.062339768
0.032868683
0.05108719
0.042569812
0.052387647
0.04598711
0.05345533
0.04475954
0.06076974
0.040301625
0.05181009
0.046656672
0.033891406
0.041461274
0.048831593
0.043016765
0.0450799
0.053455308
0.045505434
0.05941926
0.045099467
0.05142655
0.054692347
0.060966827
0.050938707
0.039238304
0.061392985
0.049766667
0.056847125
0.048022706
0.062371295
0.057741843
0.05209376
0.046917394
0.046085056
0.055004563
0.056255363
0.06038117
0.04454603
0.050419275
0.04446789
0.04874605
0.05596386
0.038805652
0.049935803
0.044210076
0.046070695
0.035441462
0.03855814
0.0504096
0.04761005
0.05426001
0.04722475
0.03975536
0.046409152
0.06501599
0.048921376
0.051985137
0.053648945
0.051455684
0.04777123
0.036506876
0.049360603
0.054289117
0.053626515
0.045040194
0.03829032
0.0512373
0.053623267
0.04867365
0.041052207
0.054894663
0.03832472
0.044340655
0.05193662
0.056836385
0.041411303
0.036031254
0.04204637
0.041350838
0.04350906
0.065688334
0.05224163
0.05373477
0.06706287
0.04424313
0.060261793
0.050307315
0.052481733
0.050796535
0.05226466
0.045735974
0.055520236
0.05728203
0.05013656
0.039753348
0.05235172
0.057580233
0.058175616
0.047775514
0.048599496
0.038692415
0.042892285
0.05413451
0.04186921
0.047371756
0.054828368
0.049731024
0.045725852
0.045768943
0.05858261
0.045790527
0.041992486
0.04002922
0.049924523
0.046759926
0.047968213
0.04936488
0.06901214
0.048741486
0.039594267
0.050550964
0.041114993
0.051679194
0.045092843
0.038089488
0.044605777
0.054386176
0.041868765
0.037561998
0.0468218
0.051219624
0.057714786
0.04181633
0.06366536
0.04601603
0.053017285
0.050537854
0.057976633
0.050941844
0.04701234
0.04826007
0.054561246
0.041264277
0.037502453
0.05202297
0.04922556
0.047759198
0.03981325
0.04199229
0.038730755
0.050852463
0.050388332
0.04599732
0.043816276
0.05120812
0.036940467
0.042940218
0.033342436
0.064145654
0.04613837
0.038770396
0.05760201
0.04283469
0.06123884
0.043801107
0.043529272
0.043136436
0.04274319
0.046086133
0.039765798
0.044309806
0.06049713
0.048767343
0.046756443
0.060564358
0.046559133
0.036952425
0.040737644
0.065125965
0.04756802
0.06004014
0.05188173
0.04780706
0.041780457
0.045360032
0.053502087
0.05617125
0.0595712
0.056478765
0.05159438
0.053512238
0.04845816
0.05365913
0.045870923
0.055269316
0.046720095
0.06239157
0.061869856
0.057033025
0.05778055
0.051213093
0.047527615
0.05494928
0.046301246
0.054000285
0.04535254
0.038439162
0.0416798
0.037967175
0.041348003
0.048406035
0.046505887
0.05177148
0.051730294
0.045230035
0.03791751
0.05436462
0.046520676
0.06463933
0.061257496
0.05573207
0.058647506
0.048884764
0.050343186
0.05989416
0.05049066
0.050537176
0.038492158
0.046225246
0.04932919
0.055578228
0.04045161
0.05227354
0.05168212
0.044882752
0.041573294
0.043365464
0.03302134
0.040284075
0.04365582
0.050552115
0.041854758
0.038283926
0.044486724
0.051463604
0.037582897
0.061954804
0.04336354
0.048508905
0.042694382
0.038326778
0.059726622
0.04405828
0.042661015
0.04210213
0.04410443
0.056773316
0.04348548
0.03191587
0.043413457
0.038511068
0.037158534
0.044067718
0.044395667
0.053112682
0.044488195
0.053764835
0.04700569
0.046741344
0.04366681
0.05204133
0.038885407
0.046317313
0.052855693
0.044842593
0.04991422
0.053091496
0.058115333
0.045986563
0.044734206
0.04810813
0.043371245
0.03689566
0.054229118
0.06307764
0.042486228
0.04529202
0.039389376
0.058774658
0.05023471
0.036769018
0.051540263
0.04460623
0.03946326
0.034435004
0.03934928
0.054942198
0.04668445
0.04590171
0.048087783
0.039192468
0.048292622
0.040108174
0.041077524
0.0558661
0.05198656
0.048127446
0.0417352
0.051040538
0.056540836
0.04718855
0.05091945
0.049820557
0.04867032
0.045829184
0.044214293
0.046655312
0.041399103
0.054674305
0.04194486
0.050345637
0.048447944
0.05056653
0.042195685
0.0370904
0.04379378
0.05012983
0.052449055
0.037712827
0.040158853
0.04041449
0.035348
0.049386233
0.053164516
0.04888756
0.049463414
0.04194007
0.041451696
0.05220671
0.046825208
0.04949241
0.041387975
0.04185538
0.053013828
0.041767336
0.05642817
0.040957365
0.03845889
0.051647343
0.046262853
0.050899647
0.03319603
0.051433805
0.04323105
0.040084295
0.042114317
0.058063038
0.0455991
0.045122366
0.05468121
0.04549559
0.051626027
0.04767067
0.05531676
0.05603396
0.05219194
0.048478678
0.045641445
0.04716208
0.049019545
0.038854297
0.042351596
0.055569425
0.0530236
0.054162078
0.05040645
0.04227026
0.041164093
0.047980227
0.05549922
0.048679963
0.051950708
0.04138086
0.049203318
0.045409694
0.058456272
0.047982857
0.04883724
0.062969506
0.048753392
0.04742542
0.038336735
0.05273569
0.036983464
0.036321398
0.06218981
0.04144132
0.041730456
0.041274257
0.053258862
0.038630724
0.044902362
0.04208812
0.04591902
0.0529574
0.045364626
0.04712651
0.042291567
0.0486911
0.052471705
0.05025129
0.045913607
0.05256314
0.056530997
0.057483688
0.037577994
0.051863596
0.048872244
0.04504439
0.054126106
0.040367566
0.0405391
0.049207684
0.04196041
0.047602452
0.049756803
0.048693754
0.048791282
0.047048103
0.057820484
0.05158805
0.041913696
0.03671273
0.0486902
0.042886652
0.043518886
0.041449416
0.043399405
0.037406974
0.060559273
0.04713352
0.046233237
0.054932415
0.052623406
0.04666935
0.040950507
0.04932793
0.042568684
0.038879
0.04126016
0.045199797
0.03721214
0.042384848
0.043354835
0.04392149
0.033840604
0.057872847
0.04471516
0.04319963
0.042392813
0.04099969
0.038780697
0.048053823
0.043724805
0.05647457
0.047871143
0.05833958
0.055781655
0.046225913
0.0586949
0.054175373
0.042756677
0.041361496
0.05180297
0.053363144
0.056545068
0.035951197
0.051998116
0.047500934
0.037905335
0.05706994
0.049736768
0.051828332
0.052536137
0.04359729
0.04115625
0.047447085
0.038063362
0.03915561
0.060954656
0.042070035
0.041028004
0.050757714
0.05714494
0.039416976
0.041653547
0.04896544
0.043842357
0.040645823
0.05629181
0.053056665
0.04593742
0.0519315
0.059834525
0.05635596
0.039093066
0.046202347
0.05790518
0.05583947
0.038144737
0.046427123
0.04279969
0.049904175
0.048406668
0.048878327
0.053265452
0.038361043
0.048289552
0.043825552
0.047579795
0.04067455
0.0420867
0.042377684
0.04531032
0.05379875
0.063952476
0.051967308
0.052619085
0.038023315
0.057086095
0.05389047
0.04199671
0.036463268
0.0496407
0.037270486
0.06256512
0.04826167
0.036101982
0.047479466
0.051559985
0.040240422
0.04915385
0.038407426
0.05720724
0.045238804
0.0350087
0.04456629
0.037813693
0.050631084
0.033828385
0.051938538
0.03816521
0.046324663
0.056509934
0.05169119
0.04811
0.05035931
0.06646474
0.05153819
0.052275926
0.06104115
0.053698026
0.046373077
0.044428673
0.047739767
0.038858254
0.04999966
0.045800082
0.050123114
0.05662694
0.04090621
0.032215353
0.05442027
0.034890894
0.035583906
0.061337397
0.045908518
0.040490374
0.04308685
0.04014152
0.04175762
0.0462743
0.03574927
0.041899547
0.05034025
0.04791869
0.04342337
0.0446405
0.0528099
0.040334158
0.036176533
0.04320457
0.050767772
0.040982436
0.04074701
0.043517627
0.044864103
0.05668685
0.043547533
0.045367096
0.035246328
0.045875866
0.056535214
0.04858386
0.041520678
0.046522394
0.042709693
0.05684416
0.04625053
0.03918491
0.041916344
0.05476685
0.0493746
0.043761324
0.050076947
0.053674914
0.05057911
0.050557587
0.052521594
0.06354563
0.043641977
0.057266317
0.04705488
0.05001442
0.041042194
0.05457067
0.044995822
0.041461453
0.04695385
0.03965141
0.055532176
0.039110124
0.047734916
0.04839296
0.044966087
0.047200542
0.049302083
0.055349603
0.043835603
0.04448945
0.04687328
0.05131019
0.059633657
0.041981533
0.050621048
0.0416319
0.056771114
0.039728753
0.046599083
0.040709376
0.039303176
0.04978233
0.04496614
0.039715607
0.040793695
0.05405795
0.05710847
0.0445702
0.037899356
0.04454963
0.04610427
0.047010772
0.051979557
0.046313725
0.056774326
0.042824045
0.049083043
0.037311185
0.04375446
0.04914368
0.03824819
0.042383663
0.047448307
0.04125372
0.04210578
0.04103432
0.055700324
0.04860879
0.05404451
0.034957018
0.039710343
0.04456458
0.03627141
0.048301075
0.03840544
0.05040453
0.049055643
0.07116321
0.05591715
0.052370246
0.04585663
0.041470345
0.052759893
0.03805446
0.042475186
0.042552352
0.052146226
0.050590836
0.050569527
0.054207243
0.04899196
0.046325564
0.04459995
0.047329582
0.05370453
0.056066263
0.039526407
0.044120234
0.043473646
0.044463217
0.04795835
0.05083527
0.054384537
0.04382977
0.04343285
0.04733649
0.061104946
0.056105305
0.050196342
0.04982428
0.045958556
0.045867313
0.044984654
0.040983606
0.05127512
0.03954114
0.04507847
0.045921475
0.04892634
0.05616907
0.04415799
0.043383963
0.03793771
0.03275963
0.039186936
0.048254006
0.043244552
0.0585294
0.047181636
0.0376748
0.04850063
0.07107267
0.04790067
0.037415553
0.035834104
0.04660038
0.042941682
0.047658145
0.035289742
0.04194123
0.045145944
0.055287242
0.0468787
0.0470988
0.040987596
0.031836633
0.037964858
0.04090991
0.03922796
0.05794733
0.039373577
0.060844127
0.048946217
0.04761347
0.048957497
0.041346252
0.054696977
0.051101167
0.04463855
0.045632098
0.040304594
0.043292686
0.04277753
0.042295866
0.04068079
0.037177417
0.061553646
0.045586675
0.043837674
0.040989872
0.04785773
0.04591597
0.03201974
0.059845157
0.04928336
0.039663322
0.049643304
0.042000502
0.044827625
0.055500645
0.055874113
0.040992133
0.044149704
0.04273744
0.048907552
0.054775257
0.059677012
0.055089373
0.045543313
0.043488417
0.045071363
0.045863323
0.05256173
0.050154984
0.056666378
0.055691153
0.036745362
0.036993742
0.052082468
0.038770303
0.039113015
0.049313985
0.044941247
0.051515885
0.05477316
0.048672147
0.045161985
0.033439618
0.04717736
0.0488663
0.048016522
0.04399164
0.03606488
0.04568937
0.046681184
0.04820566
0.042332977
0.04893444
0.048703596
0.040624306
0.04994921
0.04631152
0.04750106
0.044906408
0.061252315
0.051741276
0.059510455
0.045271173
0.05664345
0.043706927
0.048592467
0.045593396
0.048800968
0.039489657
0.059053674
0.039084796
0.04079166
0.040399913
0.044385277
0.04659895
0.040222783
0.05229612
0.036987875
0.04148458
0.043250054
0.045231152
0.046165362
0.04319187
0.051066577
0.046798754
0.04259075
0.043839376
0.05323711
0.04678668
0.041604236
0.051101718
0.04735983
0.053134903
0.044434704
0.039739117
0.054938234
0.046993367
0.042865098
0.052295186
0.056837875
0.042027544
0.050285283
0.05844506
0.042278998
0.04327673
0.04577159
0.046991788
0.039934754
0.05575972
0.050410107
0.060867086
0.04562538
0.046999164
0.03980422
0.03821005
0.04923798
0.051330492
0.03904698
0.040691614
0.045851965
0.046190865
0.039096124
0.048931457
0.05375714
0.0353873
0.048291367
0.054387994
0.040402897
0.03800165
0.04304737
0.048548475
0.043504145
0.050487656
0.0469743
0.039913245
0.050732814
0.03560022
0.05574574
0.046467744
0.041835118
0.052923273
0.039564885
0.039869174
0.058223315
0.051245116
0.046562575
0.043552823
0.050707933
0.042578183
0.05667772
0.044855416
0.042320855
0.047127698
0.04277336
0.04811868
0.06017696
0.04772114
0.05474296
0.047347426
0.053233683
0.043665566
0.051828474
0.041666783
0.04432866
0.050417617
0.050663993
0.05738807
0.051693093
0.048592113
0.048830446
0.04717939
0.04400494
0.054148145
0.04759982
0.045092106
0.046936914
0.048864778
0.04833188
0.037908725
0.046817057
0.053677194
0.03920626
0.03983285
0.05294214
0.058474742
0.05360587
0.045426548
0.04475478
0.0558309
0.05598356
0.03803859
0.041408226
0.041065663
0.048558354
0.035386533
0.040397417
0.05704271
0.045505844
0.04001789
0.05065324
0.05077507
0.042470284
0.048761144
0.0468492
0.04551252
0.040532082
0.047335736
0.04192648
0.038880333
0.03941066
0.05025647
0.047821447
0.03897088
0.044117767
0.042299226
0.03460119
0.047206875
0.039588165
0.041677244
0.036029886
0.037287556
0.048519127
0.058308836
0.04534868
0.0544674
0.039317954
0.04638146
0.04334153
0.04101692
0.03434539
0.051657386
0.050100565
0.044155613
0.04445343
0.050547212
0.046719052
0.049017172
0.049177915
0.042160388
0.05599765
0.04889846
0.039183773
0.043488447
0.040714797
0.05081329
0.041434236
0.05383728
0.04322043
0.038425293
0.05400165
0.04485532
